10.0
438.0
34.0
74.0
37.0
37.0
115.0
42.0
47.0
14.0
13.0
10.0
12.0
26.0
40.0
29.0
50.0
83.0
64.0
122.0
90.0
35.0
63.0
208.0
121.0
34.0
101.0
31.0
25.0
24.0
25.0
67.0
55.0
51.0
54.0
60.0
50.0
57.0
60.0
41.0
57.0
114.0
48.0
78.0
16.0
40.0
26.0
24.0
33.0
27.0
38.0
27.0
25.0
33.0
127.0
16.0
57.0
177.0
300.0
116.0
77.0
36.0
52.0
37.0
27.0
156.0
56.0
72.0
64.0
58.0
71.0
96.0
40.0
58.0
500.0
190.0
149.0
84.0
231.0
75.0
405.0
17.0
500.0
441.0
500.0
17.0
500.0
16.0
500.0
14.0
500.0
16.0
90.0
19.0
41.0
31.0
18.0
154.0
11.0
500.0
15.0
27.0
68.0
500.0
23.0
500.0
500.0
500.0
500.0
500.0
500.0
500.0
500.0
500.0
398.0
169.0
20.0
131.0
15.0
500.0
13.0
487.0
11.0
352.0
11.0
15.0
19.0
500.0
500.0
500.0
13.0
500.0
10.0
17.0
15.0
31.0
500.0
99.0
13.0
404.0
12.0
13.0
11.0
10.0
10.0
10.0
13.0
16.0
500.0
500.0
18.0
11.0
10.0
10.0
10.0
12.0
12.0
18.0
37.0
500.0
500.0
23.0
18.0
15.0
17.0
18.0
25.0
269.0
500.0
500.0
500.0
500.0
500.0
50.0
408.0
116.0
426.0
332.0
305.0
143.0
200.0
500.0
275.0
500.0
384.0
375.0
264.0
252.0
233.0
202.0
244.0
276.0
310.0
331.0
500.0
456.0
500.0
485.0
500.0
323.0
500.0
257.0
21.0
209.0
475.0
195.0
500.0
189.0
302.0
196.0
219.0
13.0
11.0
12.0
11.0
11.0
14.0
500.0
500.0
500.0
500.0
500.0
14.0
14.0
13.0
17.0
12.0
28.0
242.0
268.0
18.0
174.0
218.0
22.0
18.0
165.0
22.0
204.0
229.0
294.0
315.0
500.0
458.0
500.0
500.0
500.0
107.0
417.0
363.0
376.0
500.0
319.0
500.0
315.0
380.0
278.0
15.0
12.0
13.0
12.0
289.0
387.0
500.0
500.0
500.0
500.0
187.0
500.0
18.0
500.0
12.0
500.0
21.0
500.0
18.0
343.0
120.0
324.0
