42.0
25.0
79.0
35.0
37.0
62.0
91.0
39.0
16.0
13.0
27.0
42.0
17.0
26.0
71.0
55.0
86.0
30.0
20.0
102.0
100.0
51.0
63.0
21.0
46.0
13.0
77.0
77.0
29.0
12.0
119.0
139.0
111.0
77.0
55.0
68.0
139.0
47.0
54.0
140.0
73.0
104.0
33.0
69.0
143.0
144.0
68.0
66.0
162.0
109.0
143.0
17.0
23.0
111.0
29.0
56.0
94.0
153.0
168.0
96.0
40.0
101.0
22.0
28.0
78.0
40.0
25.0
73.0
13.0
87.0
137.0
164.0
111.0
18.0
39.0
121.0
77.0
133.0
80.0
129.0
139.0
96.0
37.0
32.0
152.0
73.0
92.0
103.0
187.0
120.0
53.0
242.0
120.0
44.0
69.0
27.0
158.0
177.0
124.0
158.0
118.0
136.0
122.0
135.0
124.0
21.0
98.0
104.0
96.0
120.0
77.0
130.0
105.0
34.0
56.0
101.0
72.0
24.0
169.0
161.0
12.0
69.0
15.0
133.0
248.0
48.0
215.0
202.0
207.0
22.0
193.0
474.0
256.0
24.0
30.0
482.0
500.0
148.0
277.0
121.0
269.0
295.0
235.0
415.0
500.0
395.0
310.0
16.0
16.0
20.0
17.0
500.0
167.0
500.0
500.0
500.0
500.0
79.0
231.0
11.0
481.0
274.0
500.0
500.0
21.0
500.0
119.0
119.0
121.0
122.0
44.0
114.0
195.0
111.0
174.0
161.0
148.0
159.0
173.0
392.0
463.0
176.0
500.0
161.0
312.0
190.0
500.0
363.0
330.0
500.0
18.0
19.0
126.0
14.0
16.0
28.0
500.0
210.0
118.0
13.0
22.0
127.0
40.0
244.0
207.0
144.0
123.0
127.0
152.0
110.0
130.0
128.0
158.0
158.0
206.0
304.0
297.0
500.0
500.0
500.0
500.0
500.0
500.0
