27.0
30.0
19.0
31.0
14.0
26.0
20.0
22.0
39.0
28.0
32.0
13.0
17.0
31.0
18.0
45.0
17.0
34.0
19.0
11.0
24.0
26.0
18.0
12.0
34.0
27.0
15.0
15.0
23.0
15.0
31.0
16.0
16.0
26.0
21.0
22.0
17.0
12.0
15.0
12.0
22.0
16.0
27.0
22.0
15.0
16.0
34.0
17.0
19.0
56.0
14.0
30.0
28.0
22.0
46.0
27.0
10.0
14.0
40.0
12.0
19.0
28.0
26.0
57.0
35.0
19.0
44.0
22.0
28.0
18.0
12.0
31.0
21.0
40.0
47.0
35.0
49.0
20.0
24.0
16.0
53.0
42.0
23.0
22.0
23.0
51.0
51.0
24.0
14.0
49.0
40.0
40.0
59.0
39.0
42.0
104.0
83.0
51.0
21.0
43.0
10.0
239.0
37.0
99.0
51.0
55.0
123.0
53.0
31.0
47.0
69.0
63.0
48.0
70.0
42.0
57.0
28.0
106.0
30.0
23.0
43.0
45.0
29.0
127.0
23.0
44.0
182.0
30.0
34.0
48.0
138.0
32.0
93.0
50.0
231.0
123.0
63.0
22.0
190.0
78.0
64.0
138.0
108.0
406.0
147.0
47.0
263.0
13.0
135.0
283.0
228.0
197.0
219.0
176.0
107.0
98.0
277.0
293.0
115.0
203.0
151.0
108.0
264.0
111.0
56.0
281.0
157.0
114.0
237.0
151.0
184.0
58.0
241.0
260.0
57.0
88.0
176.0
182.0
89.0
108.0
44.0
49.0
108.0
124.0
185.0
35.0
220.0
121.0
151.0
132.0
228.0
41.0
219.0
325.0
185.0
33.0
195.0
273.0
190.0
153.0
197.0
104.0
103.0
61.0
11.0
109.0
19.0
168.0
23.0
39.0
159.0
111.0
116.0
101.0
492.0
26.0
168.0
22.0
237.0
21.0
264.0
23.0
183.0
17.0
117.0
12.0
65.0
13.0
170.0
28.0
49.0
19.0
24.0
29.0
24.0
112.0
14.0
208.0
15.0
156.0
30.0
36.0
107.0
83.0
95.0
92.0
413.0
20.0
66.0
25.0
81.0
31.0
141.0
83.0
101.0
29.0
15.0
52.0
21.0
17.0
23.0
86.0
31.0
115.0
21.0
166.0
215.0
500.0
22.0
170.0
18.0
183.0
19.0
236.0
15.0
198.0
17.0
199.0
21.0
171.0
27.0
43.0
34.0
23.0
105.0
21.0
249.0
68.0
138.0
22.0
90.0
17.0
58.0
279.0
45.0
258.0
72.0
273.0
53.0
308.0
32.0
247.0
27.0
306.0
22.0
290.0
15.0
308.0
20.0
250.0
17.0
225.0
16.0
199.0
25.0
168.0
17.0
19.0
140.0
13.0
216.0
14.0
500.0
15.0
383.0
12.0
235.0
211.0
18.0
214.0
17.0
397.0
15.0
500.0
12.0
402.0
17.0
398.0
373.0
16.0
183.0
365.0
11.0
268.0
23.0
184.0
14.0
413.0
17.0
433.0
14.0
287.0
274.0
16.0
450.0
11.0
392.0
16.0
500.0
14.0
435.0
15.0
467.0
17.0
370.0
15.0
312.0
19.0
321.0
19.0
341.0
20.0
237.0
14.0
211.0
15.0
262.0
18.0
216.0
11.0
187.0
24.0
172.0
20.0
166.0
102.0
134.0
118.0
109.0
143.0
104.0
173.0
43.0
141.0
123.0
85.0
91.0
95.0
138.0
15.0
182.0
19.0
221.0
14.0
255.0
16.0
500.0
14.0
227.0
15.0
233.0
156.0
97.0
349.0
23.0
279.0
19.0
238.0
17.0
221.0
475.0
21.0
295.0
179.0
78.0
132.0
70.0
146.0
22.0
150.0
18.0
168.0
22.0
166.0
59.0
145.0
68.0
148.0
73.0
158.0
60.0
153.0
61.0
132.0
71.0
145.0
129.0
129.0
383.0
113.0
65.0
121.0
500.0
95.0
500.0
104.0
500.0
74.0
500.0
61.0
500.0
38.0
500.0
31.0
500.0
18.0
500.0
20.0
18.0
34.0
31.0
8.0
11.0
9.0
11.0
500.0
9.0
366.0
500.0
161.0
72.0
130.0
121.0
22.0
30.0
108.0
103.0
111.0
155.0
182.0
155.0
491.0
105.0
184.0
107.0
228.0
92.0
216.0
28.0
168.0
20.0
193.0
19.0
170.0
16.0
229.0
18.0
500.0
32.0
237.0
17.0
266.0
24.0
200.0
25.0
184.0
23.0
195.0
106.0
311.0
18.0
159.0
27.0
184.0
21.0
176.0
105.0
500.0
106.0
500.0
113.0
290.0
111.0
150.0
112.0
226.0
116.0
184.0
121.0
107.0
125.0
86.0
138.0
85.0
137.0
77.0
164.0
69.0
185.0
31.0
340.0
19.0
48.0
26.0
43.0
41.0
45.0
43.0
36.0
47.0
37.0
49.0
40.0
45.0
46.0
66.0
158.0
36.0
156.0
35.0
157.0
25.0
218.0
28.0
155.0
28.0
128.0
36.0
152.0
37.0
251.0
35.0
127.0
44.0
165.0
68.0
136.0
121.0
132.0
96.0
125.0
126.0
109.0
160.0
103.0
149.0
101.0
163.0
95.0
140.0
93.0
96.0
108.0
206.0
108.0
500.0
112.0
203.0
92.0
150.0
102.0
128.0
107.0
200.0
95.0
138.0
104.0
162.0
126.0
500.0
121.0
244.0
118.0
354.0
126.0
207.0
110.0
201.0
122.0
500.0
151.0
500.0
134.0
500.0
139.0
500.0
155.0
500.0
128.0
500.0
129.0
500.0
127.0
500.0
128.0
500.0
137.0
500.0
134.0
500.0
130.0
500.0
135.0
500.0
133.0
500.0
146.0
500.0
148.0
475.0
139.0
225.0
152.0
290.0
151.0
461.0
150.0
487.0
160.0
500.0
165.0
383.0
167.0
500.0
160.0
321.0
165.0
500.0
168.0
251.0
183.0
376.0
169.0
417.0
162.0
455.0
158.0
459.0
168.0
429.0
193.0
493.0
194.0
411.0
187.0
500.0
191.0
410.0
190.0
415.0
183.0
362.0
179.0
457.0
191.0
391.0
192.0
451.0
208.0
445.0
200.0
406.0
215.0
396.0
220.0
500.0
210.0
343.0
219.0
472.0
224.0
500.0
237.0
330.0
224.0
500.0
214.0
331.0
201.0
422.0
203.0
350.0
205.0
475.0
234.0
281.0
204.0
359.0
190.0
404.0
202.0
427.0
201.0
388.0
217.0
370.0
192.0
361.0
202.0
388.0
207.0
360.0
193.0
366.0
207.0
414.0
192.0
363.0
194.0
400.0
194.0
246.0
190.0
385.0
179.0
393.0
190.0
432.0
170.0
273.0
191.0
368.0
176.0
398.0
171.0
339.0
181.0
475.0
195.0
432.0
186.0
419.0
196.0
423.0
184.0
438.0
184.0
355.0
197.0
415.0
189.0
499.0
185.0
325.0
181.0
462.0
176.0
449.0
195.0
385.0
188.0
479.0
185.0
366.0
180.0
414.0
184.0
500.0
194.0
341.0
190.0
394.0
176.0
481.0
185.0
396.0
174.0
492.0
165.0
500.0
181.0
308.0
167.0
425.0
177.0
500.0
160.0
288.0
167.0
413.0
173.0
481.0
158.0
354.0
157.0
439.0
164.0
495.0
160.0
302.0
158.0
413.0
166.0
489.0
151.0
343.0
151.0
416.0
146.0
411.0
142.0
434.0
148.0
312.0
162.0
387.0
150.0
469.0
142.0
419.0
157.0
386.0
154.0
419.0
152.0
339.0
156.0
406.0
143.0
356.0
146.0
378.0
154.0
335.0
153.0
377.0
146.0
345.0
156.0
352.0
152.0
334.0
155.0
382.0
146.0
372.0
159.0
355.0
162.0
367.0
139.0
371.0
146.0
364.0
146.0
386.0
139.0
349.0
145.0
366.0
138.0
368.0
145.0
337.0
154.0
337.0
149.0
386.0
149.0
337.0
141.0
369.0
155.0
360.0
153.0
310.0
142.0
329.0
149.0
345.0
140.0
313.0
157.0
310.0
139.0
330.0
164.0
343.0
151.0
365.0
171.0
358.0
156.0
356.0
141.0
367.0
164.0
427.0
162.0
430.0
150.0
449.0
146.0
435.0
166.0
423.0
153.0
453.0
157.0
473.0
150.0
335.0
157.0
465.0
154.0
354.0
149.0
439.0
164.0
337.0
140.0
430.0
140.0
409.0
141.0
475.0
139.0
343.0
151.0
477.0
131.0
182.0
148.0
397.0
146.0
416.0
133.0
365.0
133.0
381.0
133.0
189.0
149.0
356.0
143.0
153.0
147.0
138.0
136.0
151.0
139.0
176.0
131.0
183.0
124.0
148.0
137.0
156.0
135.0
145.0
141.0
165.0
136.0
185.0
155.0
179.0
160.0
200.0
168.0
194.0
166.0
374.0
155.0
500.0
147.0
155.0
183.0
181.0
177.0
326.0
151.0
500.0
142.0
374.0
128.0
500.0
125.0
500.0
231.0
130.0
257.0
134.0
334.0
129.0
500.0
121.0
500.0
115.0
132.0
133.0
118.0
115.0
105.0
99.0
10.0
11.0
10.0
112.0
100.0
163.0
153.0
500.0
140.0
150.0
149.0
155.0
149.0
152.0
161.0
157.0
159.0
155.0
166.0
159.0
167.0
176.0
195.0
223.0
153.0
193.0
156.0
124.0
169.0
138.0
177.0
112.0
178.0
146.0
166.0
138.0
172.0
147.0
166.0
139.0
164.0
138.0
176.0
165.0
165.0
165.0
163.0
167.0
152.0
190.0
162.0
172.0
162.0
154.0
147.0
500.0
157.0
235.0
134.0
203.0
127.0
202.0
124.0
199.0
131.0
173.0
132.0
248.0
16.0
226.0
13.0
204.0
129.0
216.0
127.0
213.0
133.0
235.0
134.0
239.0
124.0
250.0
15.0
269.0
135.0
500.0
135.0
307.0
127.0
362.0
134.0
272.0
128.0
309.0
116.0
237.0
110.0
300.0
109.0
408.0
107.0
348.0
100.0
280.0
94.0
202.0
86.0
186.0
79.0
202.0
69.0
384.0
78.0
197.0
70.0
159.0
63.0
140.0
66.0
110.0
59.0
106.0
16.0
93.0
98.0
87.0
134.0
115.0
97.0
226.0
162.0
195.0
96.0
500.0
500.0
300.0
500.0
40.0
500.0
44.0
500.0
40.0
500.0
43.0
174.0
34.0
500.0
38.0
149.0
38.0
500.0
32.0
96.0
38.0
500.0
29.0
500.0
36.0
201.0
38.0
178.0
33.0
97.0
31.0
341.0
31.0
271.0
32.0
102.0
31.0
357.0
37.0
500.0
27.0
500.0
28.0
186.0
31.0
500.0
27.0
145.0
25.0
242.0
30.0
53.0
30.0
500.0
30.0
500.0
26.0
500.0
30.0
500.0
28.0
68.0
28.0
500.0
26.0
500.0
26.0
77.0
32.0
500.0
24.0
500.0
26.0
500.0
28.0
500.0
32.0
500.0
29.0
151.0
27.0
500.0
27.0
500.0
28.0
500.0
25.0
500.0
36.0
500.0
23.0
500.0
30.0
500.0
26.0
500.0
26.0
500.0
26.0
500.0
24.0
500.0
32.0
125.0
32.0
500.0
24.0
105.0
30.0
500.0
29.0
500.0
35.0
500.0
29.0
500.0
29.0
500.0
31.0
500.0
31.0
500.0
27.0
500.0
25.0
500.0
27.0
98.0
36.0
106.0
31.0
500.0
31.0
500.0
39.0
500.0
34.0
500.0
36.0
500.0
42.0
500.0
38.0
500.0
42.0
500.0
36.0
500.0
39.0
500.0
36.0
500.0
33.0
500.0
30.0
500.0
38.0
500.0
44.0
500.0
38.0
500.0
35.0
500.0
40.0
500.0
37.0
500.0
35.0
500.0
43.0
500.0
37.0
500.0
40.0
500.0
35.0
500.0
39.0
500.0
41.0
500.0
38.0
500.0
37.0
500.0
48.0
191.0
43.0
500.0
38.0
500.0
44.0
500.0
41.0
500.0
41.0
500.0
43.0
193.0
36.0
500.0
42.0
500.0
37.0
500.0
47.0
500.0
53.0
500.0
44.0
500.0
48.0
500.0
45.0
500.0
55.0
500.0
50.0
500.0
67.0
500.0
42.0
500.0
53.0
500.0
44.0
500.0
51.0
500.0
53.0
500.0
44.0
500.0
49.0
500.0
59.0
500.0
52.0
500.0
46.0
500.0
48.0
500.0
51.0
500.0
57.0
500.0
51.0
500.0
47.0
500.0
51.0
500.0
63.0
500.0
51.0
500.0
67.0
500.0
43.0
500.0
53.0
500.0
45.0
500.0
55.0
500.0
55.0
161.0
45.0
142.0
41.0
500.0
27.0
88.0
37.0
500.0
39.0
500.0
37.0
500.0
49.0
500.0
57.0
500.0
39.0
500.0
57.0
500.0
41.0
138.0
55.0
500.0
61.0
500.0
73.0
500.0
53.0
500.0
49.0
500.0
53.0
500.0
65.0
500.0
59.0
500.0
67.0
500.0
57.0
500.0
76.0
500.0
82.0
500.0
95.0
500.0
85.0
500.0
51.0
500.0
55.0
