10.0
16.0
67.0
40.0
10.0
10.0
33.0
61.0
10.0
10.0
39.0
302.0
50.0
129.0
62.0
54.0
50.0
241.0
241.0
287.0
56.0
147.0
120.0
287.0
177.0
55.0
73.0
49.0
54.0
104.0
92.0
63.0
61.0
32.0
46.0
42.0
79.0
20.0
24.0
32.0
51.0
73.0
500.0
500.0
340.0
122.0
500.0
500.0
104.0
138.0
500.0
277.0
87.0
500.0
500.0
500.0
500.0
206.0
500.0
500.0
229.0
500.0
212.0
78.0
500.0
239.0
402.0
53.0
500.0
102.0
91.0
207.0
78.0
500.0
40.0
228.0
39.0
77.0
37.0
68.0
39.0
80.0
500.0
500.0
500.0
500.0
500.0
500.0
500.0
500.0
500.0
273.0
500.0
226.0
500.0
182.0
76.0
129.0
8.0
165.0
10.0
12.0
500.0
10.0
18.0
20.0
500.0
500.0
500.0
500.0
13.0
15.0
10.0
15.0
9.0
19.0
14.0
9.0
25.0
500.0
39.0
500.0
144.0
173.0
186.0
216.0
229.0
266.0
219.0
500.0
178.0
231.0
218.0
229.0
186.0
261.0
214.0
406.0
163.0
500.0
158.0
247.0
178.0
206.0
181.0
199.0
169.0
279.0
207.0
301.0
153.0
442.0
146.0
500.0
152.0
206.0
171.0
173.0
188.0
184.0
249.0
199.0
233.0
166.0
285.0
133.0
500.0
117.0
275.0
200.0
182.0
217.0
292.0
203.0
249.0
255.0
404.0
187.0
429.0
149.0
393.0
159.0
255.0
180.0
325.0
239.0
242.0
170.0
483.0
148.0
470.0
151.0
500.0
206.0
229.0
187.0
255.0
260.0
266.0
262.0
259.0
351.0
314.0
500.0
206.0
500.0
233.0
306.0
303.0
387.0
223.0
305.0
195.0
500.0
178.0
500.0
164.0
416.0
264.0
423.0
254.0
496.0
236.0
500.0
211.0
500.0
213.0
450.0
196.0
500.0
215.0
426.0
196.0
340.0
215.0
500.0
135.0
500.0
183.0
500.0
264.0
476.0
349.0
500.0
288.0
500.0
235.0
500.0
219.0
315.0
200.0
500.0
188.0
500.0
182.0
500.0
204.0
437.0
171.0
500.0
176.0
500.0
148.0
500.0
167.0
475.0
224.0
500.0
198.0
500.0
216.0
500.0
196.0
500.0
182.0
225.0
164.0
153.0
102.0
500.0
124.0
271.0
135.0
311.0
136.0
362.0
110.0
500.0
109.0
225.0
157.0
224.0
192.0
283.0
179.0
354.0
133.0
500.0
108.0
500.0
155.0
418.0
198.0
500.0
192.0
500.0
153.0
500.0
146.0
500.0
169.0
500.0
148.0
252.0
112.0
118.0
11.0
137.0
14.0
29.0
112.0
10.0
21.0
10.0
9.0
15.0
49.0
11.0
10.0
10.0
10.0
41.0
47.0
332.0
202.0
307.0
342.0
500.0
500.0
500.0
424.0
500.0
500.0
500.0
500.0
500.0
500.0
500.0
222.0
195.0
500.0
500.0
500.0
500.0
500.0
500.0
500.0
300.0
500.0
500.0
500.0
500.0
500.0
500.0
500.0
500.0
500.0
500.0
500.0
500.0
500.0
500.0
500.0
500.0
500.0
500.0
500.0
387.0
380.0
500.0
500.0
500.0
500.0
394.0
500.0
243.0
396.0
500.0
396.0
325.0
500.0
327.0
500.0
500.0
500.0
365.0
329.0
255.0
487.0
341.0
500.0
329.0
471.0
269.0
500.0
234.0
500.0
213.0
500.0
182.0
500.0
206.0
500.0
275.0
392.0
300.0
500.0
268.0
500.0
166.0
500.0
252.0
500.0
251.0
500.0
239.0
500.0
250.0
434.0
283.0
500.0
244.0
345.0
194.0
469.0
178.0
500.0
165.0
500.0
203.0
500.0
210.0
500.0
283.0
500.0
248.0
458.0
208.0
500.0
233.0
500.0
199.0
500.0
190.0
500.0
204.0
500.0
176.0
500.0
191.0
500.0
279.0
500.0
244.0
436.0
250.0
500.0
205.0
500.0
181.0
500.0
170.0
500.0
234.0
500.0
280.0
500.0
243.0
500.0
296.0
430.0
245.0
500.0
242.0
500.0
198.0
500.0
201.0
473.0
197.0
500.0
153.0
500.0
179.0
500.0
238.0
500.0
267.0
500.0
206.0
