41.0
16.0
23.0
18.0
12.0
35.0
12.0
22.0
24.0
49.0
13.0
17.0
17.0
128.0
41.0
97.0
40.0
53.0
15.0
30.0
41.0
40.0
44.0
13.0
17.0
22.0
24.0
56.0
25.0
49.0
54.0
11.0
74.0
71.0
79.0
25.0
93.0
38.0
66.0
26.0
117.0
98.0
23.0
18.0
92.0
73.0
118.0
43.0
144.0
40.0
135.0
25.0
47.0
43.0
65.0
80.0
12.0
97.0
19.0
180.0
200.0
216.0
126.0
13.0
13.0
101.0
208.0
90.0
13.0
18.0
15.0
27.0
68.0
119.0
228.0
33.0
76.0
19.0
185.0
34.0
153.0
500.0
12.0
500.0
108.0
60.0
21.0
16.0
27.0
11.0
14.0
41.0
117.0
95.0
51.0
18.0
308.0
282.0
177.0
349.0
500.0
31.0
115.0
214.0
44.0
126.0
123.0
61.0
278.0
62.0
238.0
26.0
9.0
12.0
13.0
15.0
11.0
167.0
428.0
500.0
500.0
43.0
290.0
11.0
9.0
12.0
10.0
15.0
9.0
10.0
13.0
284.0
500.0
500.0
192.0
213.0
451.0
53.0
273.0
190.0
288.0
16.0
500.0
24.0
500.0
42.0
14.0
500.0
500.0
420.0
41.0
17.0
11.0
13.0
14.0
12.0
11.0
25.0
10.0
8.0
9.0
12.0
38.0
26.0
12.0
10.0
11.0
11.0
14.0
10.0
10.0
15.0
11.0
9.0
11.0
24.0
16.0
25.0
500.0
114.0
500.0
500.0
500.0
500.0
500.0
32.0
500.0
158.0
30.0
500.0
500.0
500.0
183.0
45.0
12.0
9.0
12.0
11.0
8.0
12.0
10.0
11.0
10.0
8.0
8.0
10.0
11.0
