39.0
10.0
9.0
48.0
145.0
120.0
162.0
154.0
448.0
196.0
21.0
14.0
16.0
14.0
120.0
439.0
390.0
13.0
16.0
14.0
12.0
18.0
452.0
9.0
10.0
9.0
10.0
10.0
12.0
11.0
12.0
12.0
15.0
393.0
185.0
109.0
100.0
21.0
18.0
17.0
27.0
18.0
21.0
20.0
20.0
24.0
98.0
133.0
184.0
156.0
259.0
243.0
129.0
178.0
206.0
166.0
162.0
246.0
500.0
299.0
169.0
10.0
10.0
11.0
9.0
9.0
11.0
14.0
72.0
66.0
64.0
14.0
13.0
123.0
197.0
212.0
251.0
376.0
244.0
500.0
207.0
500.0
309.0
9.0
10.0
10.0
10.0
55.0
12.0
11.0
10.0
12.0
12.0
13.0
12.0
13.0
102.0
155.0
322.0
500.0
500.0
500.0
500.0
500.0
500.0
500.0
500.0
500.0
500.0
500.0
500.0
66.0
8.0
10.0
10.0
8.0
9.0
9.0
9.0
9.0
14.0
198.0
11.0
10.0
10.0
9.0
10.0
9.0
11.0
10.0
10.0
12.0
11.0
14.0
161.0
91.0
92.0
110.0
174.0
500.0
121.0
64.0
90.0
91.0
12.0
14.0
12.0
12.0
14.0
15.0
183.0
9.0
10.0
10.0
10.0
11.0
12.0
40.0
234.0
213.0
205.0
183.0
148.0
500.0
500.0
10.0
9.0
10.0
9.0
9.0
10.0
9.0
10.0
13.0
167.0
14.0
16.0
13.0
13.0
12.0
13.0
13.0
14.0
10.0
13.0
12.0
12.0
12.0
12.0
13.0
12.0
15.0
15.0
14.0
16.0
20.0
19.0
98.0
289.0
189.0
220.0
500.0
313.0
256.0
