-380.9285158452049
-458.2894965397394
-139.69277902516592
-390.34085330546316
-159.0718589738973
-254.4001938711207
-135.90959589005996
-162.8181944981389
-355.4998564860367
-171.74002738820724
-240.58040904135513
-285.95472696783895
-255.73694471635824
-139.0800484056532
-223.16659277303583
-484.16219733625576
-260.6624914916389
-212.84257776855873
-449.21481325265154
-319.4334671456578
-408.9568762155721
-330.0444824461821
-119.9823927084868
-59.262544312976885
-86.12214744508603
-85.54809628739689
-488.13904919246704
-215.64503964022902
-360.39308774972733
-180.91765637383116
-313.10463788570735
-240.00608784335415
-429.156735440113
-168.89868641147555
-435.7596171326532
-337.1116508973139
-516.7476393254093
-323.12049049373286
-129.63233472664504
-250.290558560643
-482.1152848942618
-287.8118455376107
-280.44280698055
-222.75915274948113
-363.50330379581106
-404.26522243564625
-486.9272374954645
-415.6813203174545
-509.718484706011
-426.9183884054445
-466.5237376736164
-226.2093961648532
-479.7964226953593
-166.68140929744482
-222.29408047943298
-130.72167552949594
-652.3383110234166
-82.1204916906754
-571.6033597827222
-275.37048050916627
-434.0614427005102
-138.77601822349442
-149.03942881901372
-384.2828476217536
-384.14682376979533
-425.40914812665363
-125.57963932781387
-375.1937028748602
-294.4108795796353
-219.95688183061122
-51.82543309125294
-335.6783054536718
-241.08619332183073
-506.15794047247334
-300.1862446265343
-448.0785173878457
-324.43213500100205
-485.1640668222718
-121.2819462147032
-480.4172012559589
-236.37833373767427
-710.1148566268076
-300.5393819314106
-240.8943474929467
-127.90901312111525
-441.89529666733796
-266.23883313538744
-414.18761186556975
-148.91705991050492
-304.7192228219161
-499.19324482164996
-626.9957061718854
-531.761660502963
-314.2545998915111
-257.9657991512845
-456.902378748818
-162.714688628122
-418.2299237044388
-348.8410321915407
-323.57900393540626
-420.3744918458803
-382.68860281189046
-335.61918612144405
-402.5793162823427
-673.3217818028243
-244.94820281964064
-236.91340552508268
-344.4126279323223
-571.9799694904532
-305.17925387437776
-276.1711890774566
-431.2934194686506
-216.0942760306946
-452.4811386610025
-595.7516801408096
-346.88559672237614
-246.7747560979217
-398.3058846065378
-137.70214647448088
-292.4365619726266
-495.5154205309266
-362.3320826392087
-309.5578818655308
-208.8900726420195
-241.57125135286503
-358.7768163991266
-269.969927430252
-383.28488397471443
-471.1333508080446
-696.036346323214
-349.68768722258375
-327.3989684492751
-470.5449926334384
-303.16791706900045
-497.64227010547313
-499.03499792075525
-203.79965545535683
-489.3833137388164
-125.64832631413296
-151.28369482403315
-538.865651967046
-408.72437913553404
-1178.9873817573573
-557.9608164074152
-240.57739846956264
-306.4940977701727
-644.0551819879238
-551.4492821255781
-523.4010484769742
-657.1124030079885
-446.4547590185799
-970.3611752499612
-586.4152224292671
-331.697671329964
-472.3039492678405
-495.69552221866013
-515.4265018284973
-239.88794440733756
-410.7441194619714
-693.213309793753
-304.36920952816797
-593.9710110090786
-390.98272201506234
-366.8800129608928
-463.2644090867683
-549.8464439780839
-266.420348458998
-630.4871545953866
-432.6218947340331
-368.32713657566023
-414.11775046329507
-154.94601903049977
-404.66123422636144
-264.0076405451232
-633.8634304780626
-217.2812474355364
-777.197297592439
-295.1333822285296
-205.75203268444398
-326.84351179233875
-455.2228781195491
-575.9485469410324
-763.8977562326397
-309.98063878893765
-511.83484100638736
-520.6756438229655
-337.86243380272833
-399.4343197477442
-488.39017021177676
-437.7379825228042
-398.76205466175554
-483.8126123891566
-431.5050854515924
-484.8157589992643
-538.5608149495681
-679.0217360659748
-281.5670391537091
-775.386114395068
-397.1652690412077
-229.47052458138836
-268.9940725877217
-408.3532573182891
-376.1277193979466
-157.3192691305899
-419.7710829341758
-325.4871306966958
-817.4945798849817
-363.6792631391601
-455.7714488859464
-427.1625224651027
-412.5789016962694
-947.3882408020389
-740.1638681598397
-500.0842466468968
-566.3880062314137
-485.20679617265307
-485.13532394823244
-342.8795138854059
-507.55481015086775
-373.86784589797816
-635.5430805613754
-354.17448674400885
-617.8374072890999
-551.1370460922888
-336.95368504677816
-432.8711522671213
-451.51532257227075
-1187.5748599252724
-200.23543115372107
-372.1661902141791
-454.071033842918
-545.1563414310635
-603.5368920989604
-231.712650694206
-590.9112403694292
-452.11414646357633
-841.765949275144
-244.67470034358834
-343.5985498044344
-179.76171156121762
-607.8615109574853
-954.1086444964275
-333.6433412252262
-413.07268552180636
-1195.6986831573126
-263.0455055231498
-787.7005155367267
-446.1665449312172
-657.5743751383844
-432.14934616664766
-348.80795837387075
-1080.4139985142028
-552.1666349739901
-491.3719185418387
-473.023001427583
-493.10215926729165
-254.3561149514952
-548.6285173820208
-403.3217753048443
-365.68574268176303
-338.54195133552525
-1562.7633232460894
-541.6161509319139
-442.9887173958295
-322.5298167522043
-671.6206020328245
-685.0419042846664
-536.5050867216712
-1258.1386432617292
-503.47595425008546
-1303.6443614880625
-393.55759331108493
-456.1638231134747
-177.46131707263655
-893.3748839335478
-618.7157654021822
-1097.2732423370742
-523.8190204309353
-559.1105337361796
-336.80414685748747
-256.7912584415809
-256.89084188789116
-565.1705188970659
-368.35849334678454
-696.9776858760237
-324.9537651366926
-1109.7405828388128
-419.94361759931485
-368.96877826115275
-471.5993744244129
-652.2313940705037
-571.749439944608
-715.9168766510911
-1057.4697654753254
-526.5010177604973
-245.61146671761043
-682.886244049048
-520.9160447435795
-617.9017262464242
-424.86302028956317
-469.7904248361693
-748.7827717061924
-618.075117310622
-398.1313159481268
-425.6537047309934
-886.958296534447
-518.9252179474917
-897.3471564101175
-443.56866895291506
-537.8567753495905
-277.97635280505347
-421.9901663627865
-433.41513464571045
-915.7789675401353
-472.3641212093856
-1100.4651220395149
-367.06311721413795
-514.6304068229374
-1001.3684430215338
-180.47346373861188
-221.5050664061891
-667.3215148353754
-539.3514444083644
-347.2084466257609
-764.7434203446805
-497.4474129675449
-419.4471102844322
-336.02280601664046
-625.1335093166706
-569.9430739579511
-529.053635970953
-873.111734803928
-453.98471365277334
-526.2613424188173
-334.83285198223024
-306.98698055428827
-414.6783032238972
-982.1523475799287
-1766.5227321764157
-173.90903753177528
-672.0562559510986
-525.398212722859
-351.38754630125317
-525.3318714072234
-481.85562960949375
-362.35979552217174
-430.14903092159307
-519.3274762349942
-722.4825655457857
-394.8989765202347
-850.8070560736498
-682.835806926034
-386.6303358155632
-453.39163840265246
-458.40768457262834
-383.4434295757116
-403.32669515255316
-351.80767734484016
-504.95201780060927
-561.2787438726382
-918.9929437184868
-968.8788114413949
-922.4088400633547
-392.0063647039102
-381.0043375464486
-275.6231569236181
-429.949815208946
-201.16417352531028
-476.3563396544785
-504.64141385059827
-1356.270240247239
-270.57165329861584
-489.48973308832996
-1172.9977205327612
-217.6408298062427
-588.0640308545401
-345.2722864111473
-854.0228284112853
-623.1234945958788
-685.4075517430138
-812.2946336009782
-1433.4245757922465
-296.64912650026463
-494.75585074978414
-459.01971404040023
-314.3960525080988
-336.6828755010759
-413.16928875135824
-589.4144172606641
-589.2385767589233
-388.9310506055417
-823.5092279924584
-334.765487333486
-246.03917257795268
-1057.2600555453878
-484.4268649290953
-247.00621703038004
-491.2805987099784
-481.614422371257
-815.053475492019
-894.0636570616781
-409.6709587344842
-709.9210563933607
-1288.4825780792014
-585.2265077877228
-498.46121308276355
-475.68101695520494
-814.8951867277347
-456.2657655887886
-1260.6468724098734
-291.58798708609095
-1529.6732661830167
-945.5073593357794
-556.248459786063
-860.0417674554061
-489.79264093111874
-532.8372420985743
-518.6223707665141
-500.0329152001469
-330.3429210050965
-802.6613894508731
-504.9450363534056
-621.0874024596358
-559.6340895129417
-503.42745568639145
-375.66018786448507
-1035.0547115197273
-290.20847251522537
-429.55601172301294
-565.8527791012992
-289.1483569477133
-667.0758219705403
-772.0854852214569
-522.7682660093848
-477.91923514922905
-628.3802581234667
-878.7832266330612
-554.7233316627721
-248.90922190565678
-648.8013723541795
-352.23181789668547
-408.8746445748919
-1446.9210548143587
-119.98075282822558
-1010.2560829288744
-835.7310964921575
-790.6640063002304
-508.39444420149937
-522.8644198077491
-1280.3570115089083
-474.0574091611552
-401.63471796923335
-1172.4131812249022
-471.19663714363537
-247.10718385709808
-427.4513163520977
-567.7332346534316
-327.4674257515469
-256.1769818685892
-629.1658669061924
-372.51944527654575
-449.6189940633234
-460.27753507460216
-676.3744050844422
-657.5946073450622
-620.4919171375385
-367.48110704998106
-860.3344701012533
-759.9863500314499
-448.48310645506626
-413.9755157111259
-236.79808737768428
-459.1229505689555
-297.23848975661633
-717.0601849216018
-413.4166389922157
-489.75905027719796
-657.7796034957913
-543.2820551729744
-613.7016684308885
-382.93443197457105
-1151.6710629142688
-420.7779608806784
-527.7346475544352
-554.5742239044605
-1350.0114092872873
-426.2429817247998
-557.4189862346996
-3594.5542766082203
